0.035313	-0.022017	-0.156693	0.149390	-0.130236	0.117479	0.010476	-0.014846	0.003314	-0.166699	0.098586	-0.023851	-0.163735	0.067074	0.075303	-0.008966	0.152676	0.028718	-0.124231	0.147666	0.154828	0.159401	-0.155159	-0.108070	0.140339	-0.036428	-0.152394	0.138640	-0.015996	0.159987	-0.006527	-0.167568	0.165653	-0.158528	-0.166164	0.159701	-0.160141	0.075664	-0.171384	-0.143836	-0.167925	0.132150	-0.090947	-0.134533	-0.152867	-0.050049	-0.142335	0.164648	0.080185	-0.010082	
0.063524	0.015621	0.010291	0.003166	-0.019305	-0.049635	-0.079014	0.051223	-0.079203	-0.030106	-0.061598	-0.027897	-0.005533	-0.086197	-0.084010	-0.029790	-0.003112	0.076545	0.077998	0.020923	0.081214	0.023737	-0.004243	0.023586	-0.076146	-0.047850	0.076389	-0.062206	-0.075596	-0.159159	-0.022399	0.023198	0.004847	0.061766	0.014467	0.001174	-0.077118	-0.010402	-0.009095	-0.081117	0.080087	-0.066458	-0.049758	0.000432	0.043869	-0.075533	0.062545	-0.010424	0.007001	0.019217	
0.021652	0.009159	-0.001505	0.009999	-0.017203	-0.001086	0.000037	-0.009825	0.011918	0.005586	-0.007958	-0.009206	0.007236	-0.001514	0.001395	-0.002143	-0.010564	0.012680	0.013011	0.003129	-0.003056	-0.005062	0.175356	-0.168158	-0.164629	-0.023202	-0.035706	0.027214	0.028875	0.055824	0.006998	0.031606	-0.021781	0.006045	0.030949	0.020378	0.098519	-0.127684	0.035381	0.062093	-0.071871	-0.060357	0.037176	-0.622259	0.307751	-0.394255	-0.263706	-0.319604	-0.184187	-0.135067	
-0.112068	-0.154900	0.137883	-0.159172	-0.136642	-0.157447	-0.138645	-0.148967	0.155300	0.158189	0.157496	-0.154026	-0.155926	-0.157653	-0.144262	-0.142687	-0.041508	-0.152959	0.141076	-0.151122	-0.140282	0.154219	-0.156767	0.152623	-0.159985	-0.156770	0.138245	-0.146668	-0.001465	-0.158610	-0.155453	0.154067	-0.154776	-0.162224	-0.156294	0.153941	-0.158079	0.156696	-0.023130	0.155716	-0.157065	-0.032130	-0.090406	-0.016341	-0.134184	-0.159172	0.042138	-0.154907	0.156245	0.055237	
-0.005346	-0.001693	0.000272	0.002423	0.023199	-0.007106	-0.001432	0.029799	0.039513	0.002903	-0.008382	-0.001003	-0.004587	-0.002753	0.004095	0.000644	0.036169	-0.024997	0.003116	0.010007	-0.000844	-0.002493	-0.003988	-0.001940	-0.036976	0.005426	-0.000999	0.043906	-0.001722	-0.002443	-0.007254	-0.005115	0.006206	-0.047340	0.023010	-0.024050	-0.002892	-0.001254	0.004105	0.001501	-0.048450	-0.053737	0.001370	0.005828	-0.001508	-0.001415	-0.004331	-0.040638	0.000992	0.040954	
-0.009203	-0.012907	0.004643	0.063493	-0.004374	0.002236	-0.009962	0.002651	0.004678	0.015267	-0.012066	-0.003853	-0.000856	0.102866	-0.003952	0.010266	0.076150	0.010663	-0.071207	0.029720	-0.109511	0.075180	-0.096607	-0.032757	0.007442	0.000999	-0.020622	0.072148	0.004903	0.110509	0.019890	-0.070941	0.070848	-0.051815	0.074352	0.018147	0.048121	0.078090	-0.011632	0.076750	0.008989	-0.024316	0.074348	0.076745	0.070574	-0.074809	0.006572	-0.058446	0.078708	-0.075590	
-0.068644	-0.067657	0.012135	-0.051706	-0.064195	-0.003143	0.058248	0.077356	-0.044667	-0.006661	-0.019832	0.063119	-0.015949	-0.076097	0.080422	0.016522	-0.005989	0.031723	-0.072268	-0.057970	0.020460	0.036336	0.010470	-0.003738	0.004106	0.066171	-0.079461	0.006344	0.080084	-0.070737	-0.012704	-0.045299	0.007341	0.010720	-0.017975	0.072006	0.046861	0.005878	-0.154189	0.081324	-0.004830	0.075493	-0.020596	0.049046	-0.002136	-0.076882	0.069025	-0.014080	-0.014755	0.071258	
0.109938	0.115074	-0.188217	0.042764	-0.036065	0.185326	-0.175909	-0.006604	0.136719	0.184051	-0.108235	-0.177709	0.089511	0.178957	-0.060600	-0.081173	0.145792	-0.011204	-0.186529	0.150866	-0.162939	0.055460	0.050521	0.177381	0.027177	0.134079	-0.173219	0.083869	-0.180580	0.125708	-0.162526	0.159514	0.076015	0.165148	0.030941	0.172880	0.151680	-0.165230	-0.187104	-0.012813	-0.095436	-0.146357	-0.069516	-0.174850	0.177935	0.185752	-0.183596	0.169012	-0.113159	0.153996	
-0.134127	-0.113455	0.140493	0.147852	0.124601	-0.138457	0.099607	0.139250	0.143292	0.141880	-0.140379	0.135902	0.132078	-0.120959	0.141316	0.153701	-0.139180	0.145859	0.144271	-0.138578	0.135784	-0.138307	0.149283	-0.131825	0.138092	0.097336	-0.088651	-0.139371	0.116318	-0.144230	0.149101	0.140474	-0.146000	0.133548	-0.141098	0.137922	0.158790	0.141170	-0.155195	0.081971	-0.139081	-0.156477	-0.139302	0.146345	0.147334	-0.140804	-0.141346	-0.138749	0.144237	0.142156	
0.004809	0.142855	0.106708	-0.164568	-0.003837	0.018432	-0.154185	-0.128276	-0.153821	0.173612	-0.138529	0.172712	-0.032108	0.170680	0.166123	-0.175974	-0.156965	-0.009495	0.007665	0.117522	-0.106721	0.032943	-0.141072	0.005530	-0.162763	0.145148	-0.093618	-0.142679	-0.152327	-0.001264	-0.145410	-0.000749	0.174417	-0.030887	0.004882	0.144325	-0.167102	-0.162808	-0.120968	-0.174542	-0.082899	0.174895	-0.155235	-0.175161	0.101193	0.128226	0.007927	-0.140699	0.095856	0.148539	
0.011952	0.012266	-0.056973	-0.014277	0.007778	0.014671	-0.003278	0.019600	-0.038639	-0.010686	0.021010	0.121992	-0.075541	-0.018618	-0.077828	0.001259	-0.048528	0.036757	0.010735	0.021751	-0.021214	0.028380	0.023639	0.020681	0.019454	-0.067850	-0.028905	0.016959	0.009031	-0.064375	-0.015027	0.062143	-0.072689	-0.283224	0.120244	0.061241	-0.012093	-0.078272	-0.123337	0.051766	0.072992	-0.076783	-0.072173	-0.008181	-0.073256	-0.325324	0.294787	0.069148	-0.069907	0.078416	
0.102253	-0.158925	0.184539	0.105958	-0.081528	0.127930	-0.187608	-0.005150	-0.167916	-0.182905	-0.026936	-0.165458	-0.124291	-0.145172	0.177183	0.151293	0.051948	0.166992	0.022115	0.180642	-0.178589	-0.179122	-0.133504	0.153677	-0.050237	-0.005104	-0.096473	-0.024141	-0.178993	-0.157487	0.073893	-0.041013	0.184372	-0.017399	-0.161665	0.120104	-0.024613	-0.185437	-0.186201	0.159433	-0.181138	-0.131277	0.173326	0.026431	-0.179849	-0.076558	0.014550	-0.178571	-0.171395	-0.152543	
0.151770	-0.139404	-0.131223	0.141849	-0.138680	0.143875	0.130418	0.135979	0.089006	-0.146754	-0.145318	-0.138111	0.115776	-0.136128	0.136751	-0.154652	0.127564	-0.143623	0.140494	0.138329	0.139692	0.151328	0.146530	-0.138015	0.143264	0.135085	0.134695	0.083265	0.122376	0.092493	-0.145092	-0.138427	-0.138161	-0.145347	-0.148168	0.143337	-0.125804	-0.142429	0.138931	-0.139263	-0.131691	-0.141791	0.140352	-0.139371	-0.134639	-0.129891	0.144878	-0.139074	-0.131923	-0.132501	
-0.098914	-0.002830	-0.027360	0.001148	-0.011557	0.009438	0.102904	0.019796	-0.000123	-0.000544	0.109360	-0.002133	-0.005669	-0.091388	-0.097827	-0.099159	0.097991	0.000174	-0.101912	-0.083889	0.100914	-0.008929	-0.051874	0.034696	0.096214	0.070132	0.080413	0.010399	0.107316	-0.091344	0.008039	-0.003764	-0.000150	-0.026100	-0.009941	0.001235	-0.096398	-0.058151	-0.088027	0.050371	-0.105169	-0.026080	0.111159	0.019421	-0.106758	-0.000833	0.084513	-0.107469	-0.006500	-0.014905	
-0.004862	0.001864	-0.002132	0.000048	0.000458	0.045132	0.009542	-0.035701	0.009703	0.004519	0.005929	-0.004526	0.007822	-0.038556	0.008666	0.039465	-0.001588	-0.011044	-0.000024	-0.000153	-0.006239	-0.001231	0.008776	0.007071	0.032007	-0.003342	0.005705	-0.000847	0.007188	0.000425	-0.002780	-0.001475	-0.002513	0.005079	0.010711	0.001025	0.002879	-0.035945	-0.002749	-0.007684	0.039068	-0.001201	-0.045307	0.039966	-0.006844	-0.002716	0.004750	-0.006036	-0.007926	0.001877	
-0.003654	0.006558	0.004800	0.041116	-0.003900	0.003835	-0.089043	-0.086334	-0.008834	0.008194	-0.094101	0.013893	0.002409	-0.006422	-0.004919	-0.007464	-0.112951	0.013364	-0.004398	-0.080115	-0.002246	0.000128	0.100752	0.000983	-0.082843	-0.104574	0.110999	-0.001728	0.017287	0.107032	-0.097433	0.114078	-0.107571	-0.009303	-0.075440	0.074090	-0.100889	0.076523	0.111065	-0.111245	0.009759	0.103053	-0.003068	0.011948	-0.022406	-0.005098	0.109958	0.107151	-0.081778	-0.001470	
0.149766	0.133427	0.153436	-0.157488	0.159707	-0.012778	-0.154757	0.157499	-0.148563	0.157044	-0.148714	-0.156826	-0.155379	-0.133572	-0.023739	0.142140	0.151469	-0.150996	0.163687	-0.152818	0.136106	-0.152541	-0.152440	-0.162107	0.140305	0.152900	0.062884	0.032719	-0.158461	-0.008246	0.149608	-0.144010	0.155979	-0.011092	0.154548	-0.154971	0.151468	-0.151137	-0.152338	0.098453	0.160463	-0.139629	-0.057108	0.155438	-0.133829	-0.154386	0.157217	-0.151313	-0.156760	-0.157632	
-0.108151	-0.120499	-0.123581	-0.120558	-0.115951	-0.003198	-0.121332	-0.107748	0.115994	0.100337	-0.004029	-0.131317	0.115686	0.107791	-0.115295	0.125749	0.120820	0.129967	0.110644	-0.109853	0.109271	-0.116145	0.113624	0.104149	0.110671	0.118860	0.122259	0.099387	0.115929	0.110297	0.117952	-0.149949	0.121175	-0.107094	-0.098719	-0.111199	-0.101775	-0.118923	-0.128233	-0.118081	-0.109738	0.102733	0.097497	-0.122551	0.118938	0.119793	0.109727	-0.003572	-0.126919	-0.104858	
