0.403744	0.601323	0.322575	-0.084333	0.384318	-0.540372	-0.699504	0.478085	0.286419	-0.269201	0.030789	-0.125025	0.160889	0.026999	-0.188478	0.318884	-0.118863	-0.234339	-0.473558	-0.162689	-0.063928	-0.068248	0.117416	0.307506	0.018230	0.304103	0.001499	-0.467821	0.312726	0.186756	0.053173	0.249990	-0.073180	0.166214	-0.109503	-0.155182	0.141961	-0.116010	0.025545	0.059821	0.202800	-0.111712	0.083353	0.051438	-0.171258	-0.357543	0.153098	0.015772	-0.368997	0.166097	
-0.611534	-0.842268	-0.426352	-0.153248	-0.432284	0.492311	0.854850	-0.397683	-0.132855	0.591764	-0.485065	-0.100405	-0.465244	-0.238981	0.211018	-0.500381	0.574298	0.199525	0.521161	0.341635	-0.044119	0.221288	-0.113609	-0.143998	0.155179	-0.227999	0.177422	0.376729	-0.353086	-0.080959	0.290345	-0.025603	-0.026427	-0.145506	-0.071665	0.046409	-0.155069	0.385774	-0.146728	-0.241803	-0.319061	-0.319818	-0.214650	-0.147199	0.112077	0.290555	-0.034852	-0.094166	0.601599	-0.123778	
1.850078	2.209314	1.028579	0.429205	1.544238	-1.022630	-1.535659	1.431872	0.607503	-0.946045	0.429874	0.237214	0.397748	0.803240	-1.393964	0.900212	-0.775359	-1.028416	-0.756252	-0.321197	-0.003026	-0.514654	0.483314	-0.118366	-0.058579	0.762687	0.468278	-0.668359	1.025141	0.556962	-0.246708	0.508117	0.209676	0.896872	0.042133	-1.075150	-0.382610	-1.213442	0.208675	0.496630	1.179458	-0.486305	0.422382	-0.209614	-0.393979	-1.144131	-0.079725	-0.500191	-1.762702	0.437173	
-0.156218	-0.178747	0.003368	-0.021533	-0.161746	-0.083390	0.010864	-0.061582	0.050305	0.050555	-0.066481	-0.118217	0.037142	-0.106218	0.196945	0.016022	0.152979	0.079161	0.021381	0.199101	-0.031989	0.024231	-0.133830	0.127061	0.062925	-0.057442	0.080918	0.030568	-0.142640	-0.115165	0.107776	0.243499	0.049379	-0.072267	-0.072019	0.107178	0.067418	0.199144	-0.113019	-0.012886	-0.163104	-0.143570	0.020904	0.017864	-0.046549	0.167537	-0.014912	-0.063572	0.102965	0.068256	
0.417231	0.584758	0.324024	-0.071381	0.298646	-0.576446	-0.742605	0.436976	0.227624	-0.394238	0.068331	-0.119541	0.270675	0.113394	-0.104216	0.480621	-0.200025	-0.222025	-0.467448	-0.136244	-0.077632	-0.127795	0.051665	0.307430	0.009639	0.239167	-0.074212	-0.447961	0.275249	0.199550	-0.026578	0.245443	-0.020701	0.080308	-0.247743	-0.052237	0.185624	-0.116059	0.061206	0.065696	0.073162	-0.051705	0.161204	0.076334	-0.186215	-0.281576	0.101306	0.037333	-0.363731	0.177214	
-1.898458	-2.918195	-1.531511	-0.793286	-1.237785	2.448555	2.606487	-1.480878	-0.671000	1.905160	-1.100007	0.044259	-0.970021	-1.112022	1.276406	-1.608815	0.874083	0.283321	1.981828	0.367053	0.015499	0.102690	-0.300760	-0.867697	0.150169	-1.223199	-0.076337	1.768898	-1.283779	-0.440185	-0.221619	-1.248863	-0.102676	-1.020186	-0.091975	-0.091434	-0.403760	0.655741	0.049076	-0.541531	-1.411361	0.257981	-0.896967	0.021504	0.499114	1.370825	0.088341	-0.309596	2.247630	-0.820659	
-0.392186	-0.157647	-0.367260	0.060142	-0.278416	0.609966	0.294796	-0.240227	0.063208	0.036865	-0.015615	0.147636	0.394159	-0.232542	0.208581	-0.073451	-0.010307	-0.015122	0.441073	0.143352	-0.058017	0.065860	-0.191159	-0.198938	-0.348569	-0.370687	0.350824	0.389432	-0.143412	-0.096737	-0.230085	-0.367656	0.328413	-0.211468	0.193538	-0.138532	-0.210986	0.149588	0.074819	0.274871	-0.198564	0.230070	-0.162028	-0.141942	-0.119701	0.276136	-0.047426	-0.490959	0.347690	-0.146551	
-0.185949	-0.247575	-0.020659	0.118183	-0.149148	-0.108916	0.046170	-0.029971	0.065109	0.078927	-0.285393	-0.153222	-0.007810	-0.150786	0.328927	-0.160924	0.322848	-0.004653	0.201477	0.150077	-0.282933	0.061846	-0.010501	0.137669	0.031061	-0.041899	-0.101715	-0.065391	-0.103196	-0.197509	0.262007	0.164291	0.031194	-0.076592	-0.010450	0.303614	0.043977	0.450025	-0.191999	-0.067071	-0.052981	-0.308129	0.053068	-0.108180	-0.081568	-0.108917	0.253662	0.012678	0.155295	0.139464	
0.138252	0.259880	0.248185	-0.158275	0.085457	-0.218345	-0.403422	0.168169	0.283298	-0.259492	0.032785	-0.132517	0.213984	0.024318	-0.079873	0.107190	0.142558	-0.120726	-0.380989	0.071771	-0.152959	-0.058937	0.026255	0.249008	0.136819	-0.016747	0.041602	-0.204662	0.174825	0.166646	-0.032590	0.085525	-0.150227	0.004926	-0.137857	-0.137885	0.145959	0.175442	-0.091039	-0.084211	0.041527	0.077544	-0.080926	0.061646	-0.020446	-0.048330	-0.001428	0.112535	-0.164889	0.188001	
-0.049771	0.049219	-0.200409	0.096249	-0.184896	0.292927	0.423518	-0.263389	-0.368556	0.072938	0.318469	0.299609	-0.109608	0.241825	-0.062962	-0.121762	-0.282349	0.376933	0.022190	-0.277555	0.058222	0.174658	-0.070274	-0.247309	-0.021167	0.084173	-0.197861	-0.089667	0.004992	0.158046	-0.119373	-0.230941	0.061331	-0.012198	0.121537	0.357766	-0.104436	-0.278476	0.081166	-0.069106	0.041219	0.314983	0.021517	-0.074373	0.324577	0.212790	-0.207942	0.083131	-0.085235	-0.157858	
2.267099	2.789493	1.335845	0.344123	1.815220	-2.089296	-2.683655	2.242639	0.855715	-1.233998	0.315189	-0.282469	0.999864	0.535779	-0.958688	1.474997	-0.522154	-1.207719	-1.558553	-0.298005	-0.549172	-0.689110	0.731965	0.809148	-0.131962	0.973523	-0.112177	-1.647135	0.994457	0.299277	0.084387	0.816176	-0.018035	0.838428	-0.115997	-0.440404	0.109907	-0.538635	-0.072528	0.597728	1.166636	-0.581338	0.578110	0.316020	-0.920353	-1.553435	0.646239	-0.354291	-1.750428	0.866296	
0.569879	0.605161	0.252189	0.037068	0.461553	-0.379692	-0.592926	0.417065	-0.005854	-0.189228	0.214670	0.041412	0.196340	0.221716	-0.189051	0.431010	-0.297247	-0.266646	-0.296288	-0.044180	-0.068756	-0.241629	0.235625	0.059304	0.018947	0.257761	-0.167055	-0.334150	0.090724	0.024713	-0.057288	0.217495	-0.043971	0.171336	0.043812	0.006044	0.034601	-0.288778	0.120429	0.249467	0.271356	-0.042752	0.091287	0.266824	-0.051008	-0.225204	0.153526	-0.028685	-0.340774	0.043521	
-0.421680	-0.595953	-0.179443	-0.110478	-0.332292	0.348623	0.398667	-0.371566	-0.081206	0.122152	-0.078298	-0.016826	-0.016688	-0.250351	0.140378	-0.139028	0.142580	0.095015	0.301283	0.226908	0.201732	-0.007023	-0.219428	-0.087829	0.088991	-0.259644	0.049600	0.345985	-0.241224	-0.163523	-0.157200	-0.168742	0.044889	-0.151589	0.082387	0.032783	-0.136810	0.067784	0.099961	0.013637	-0.342376	0.099821	-0.051142	-0.008862	0.194027	0.294332	-0.108856	-0.057696	0.430032	-0.155005	
0.128824	0.174823	0.441626	-0.281165	0.122850	-0.499519	-0.445014	0.348338	0.502303	-0.119093	-0.283004	-0.329585	0.241546	-0.330077	0.046418	0.134290	0.541669	-0.272622	-0.394998	0.340013	-0.203414	-0.155604	-0.203037	0.418686	0.492033	-0.001751	0.117091	-0.183046	-0.046269	0.036188	0.109687	0.435324	-0.092830	-0.111077	-0.253088	0.003773	-0.003525	0.337730	-0.066095	-0.204459	-0.198908	-0.468054	0.019800	-0.079693	-0.135991	-0.100060	0.199840	-0.068356	0.219224	0.316037	
0.006350	-0.548716	-0.206668	-0.080787	-0.044722	0.460821	0.643408	-0.248813	-0.245343	0.405881	-0.216930	0.098664	-0.273726	0.020771	0.060507	-0.295510	-0.057776	0.004522	0.509492	0.072318	0.287928	-0.126508	0.253674	-0.353834	-0.102934	-0.346272	-0.101866	0.437204	-0.318643	-0.259772	-0.057559	-0.211558	0.059239	-0.092566	0.015012	-0.176277	-0.144609	-0.009623	-0.013482	0.130389	-0.032129	0.051087	-0.095633	0.148767	0.074250	0.331137	0.059000	-0.146173	0.253929	-0.353421	
0.255686	0.478980	0.241276	0.048410	0.208749	-0.501750	-0.673963	0.438752	0.278073	-0.258896	-0.031385	-0.421425	0.404282	-0.141239	0.112478	0.400933	0.226916	-0.057016	-0.532368	0.138241	-0.379925	0.075891	0.061288	0.629887	0.007618	0.342013	-0.012435	-0.681317	0.146944	0.018708	0.165904	0.126599	-0.182425	0.144352	0.005018	0.183975	0.223968	0.283304	-0.030182	-0.048246	0.047422	-0.123867	0.116685	-0.072689	-0.334496	-0.328449	0.229047	0.156295	-0.340196	0.357632	
-0.172301	-0.229576	-0.118281	-0.062385	-0.039666	0.187880	0.130459	0.213042	0.052588	0.474646	-0.217576	0.061335	-0.134262	-0.244800	0.213191	-0.153907	0.373190	-0.201269	0.192911	0.175915	-0.131309	-0.023603	-0.041051	-0.122604	0.079479	-0.127624	0.001784	0.184586	-0.017344	-0.009944	0.072992	-0.173311	-0.121842	-0.100398	-0.004227	-0.026080	-0.089976	0.162536	0.041006	-0.177226	-0.180500	0.009541	-0.069032	-0.091089	-0.069042	-0.052087	0.054212	-0.221670	0.364629	0.124633	
0.037591	0.018247	0.047605	-0.133412	0.086992	-0.274455	-0.271984	0.182171	0.215661	0.045686	-0.261243	-0.500935	0.251328	-0.345196	0.309643	0.128812	0.303945	-0.059877	-0.032955	0.210824	-0.272671	-0.017732	0.010549	0.373879	-0.063632	-0.059953	-0.127299	-0.307881	-0.119612	-0.143927	0.083844	-0.033052	0.044859	-0.068130	0.029874	0.168968	-0.087568	0.367281	-0.195447	0.015615	-0.138127	-0.174309	-0.079445	0.103183	-0.260278	-0.108319	0.285048	-0.076040	0.072442	0.138066	
-0.573312	0.211987	-0.100726	-0.545722	0.445823	0.007957	0.168260	-0.062680	-0.080290	0.337893	0.200037	0.409143	-0.210388	0.451958	0.200224	0.115090	-0.134501	0.099460	0.214183	0.001579	-0.248618	0.362066	0.221556	0.065903	0.234834	0.151878	-0.141587	-0.015848	-0.135430	0.118890	-0.259866	-0.010287	0.488615	0.058430	-0.066115	-0.324929	0.107650	-0.399145	0.037249	0.160619	0.286419	-0.393457	-0.310735	-0.046614	0.334132	0.147820	0.380114	-0.082010	0.085477	-0.058331	
0.891686	-0.292671	0.332424	0.706445	-0.621438	0.071596	-0.153341	0.167698	0.085395	-0.557082	0.012072	-0.532062	0.181758	-0.236250	-0.166292	-0.321728	0.275432	-0.148986	-0.160145	-0.033295	0.380800	-0.455377	-0.414671	-0.073522	-0.236332	-0.248790	0.134169	0.043101	0.374135	0.115764	0.457394	-0.123190	-0.696302	-0.366153	-0.079613	0.160384	-0.235997	0.324850	-0.198696	-0.001002	-0.453010	0.273053	0.242380	-0.187662	-0.126008	-0.194315	-0.265032	-0.029498	-0.243470	0.380673	
3.257985	-1.151620	0.888865	2.116826	-2.145123	0.232393	-0.341441	0.257184	-0.246297	-1.428946	-0.596274	-1.744740	0.758615	-2.037097	-0.659524	-0.702268	-0.073960	-0.587058	-1.026567	0.520066	0.960753	-1.788371	-0.984453	-0.065969	-0.853878	-0.158831	0.316170	0.679823	0.674371	-0.052790	0.852963	0.462973	-2.491978	-1.561237	-0.077901	0.618695	-0.776080	1.237100	-0.578829	-0.008996	-1.762059	1.322608	1.966924	-0.319994	-0.905636	-0.130704	-0.629219	0.943323	-0.792054	0.945128	
-0.449155	0.302969	-0.302066	-0.139571	0.381945	0.041819	-0.027946	-0.078918	0.094076	0.254505	-0.171010	0.168991	0.004922	0.066724	-0.032044	0.343606	0.043458	-0.002628	0.144406	-0.065618	-0.174416	0.309301	0.208932	0.003339	0.084113	-0.074917	0.045942	-0.127124	-0.273012	0.014212	-0.115083	0.158150	0.424459	0.358223	0.127174	0.087337	0.212121	-0.024319	0.124863	-0.216408	0.247539	-0.215101	-0.250016	0.133933	-0.022016	-0.087610	0.035379	-0.016150	0.049993	-0.177271	
-0.593167	0.177137	0.009028	-0.690273	0.366330	-0.062980	0.163796	-0.077580	-0.151932	0.241431	0.365713	0.551594	-0.299860	0.346991	0.300532	0.095985	-0.300803	0.193123	0.095731	0.024002	-0.303153	0.231202	0.182506	-0.055712	0.151326	0.123910	-0.133307	0.050999	-0.039360	0.219927	-0.283842	0.002497	0.425867	-0.006777	-0.058050	-0.369704	0.054747	-0.380084	0.124677	0.320355	0.177205	-0.333741	-0.139464	-0.045821	0.374250	0.185928	0.456818	0.016271	0.129300	-0.009072	
-2.697024	0.246327	-1.104087	-2.541878	1.577142	-0.347562	0.992250	-0.175072	-1.185616	1.009808	-0.334889	1.042227	-0.550406	1.313730	0.576478	-0.001454	-1.098464	0.110387	0.531199	-0.964876	-0.931594	1.147188	0.970738	0.684538	0.592624	0.273123	-0.514418	-0.447377	-0.522534	0.366530	-1.159865	0.964183	1.464237	0.827414	-0.247982	-1.142152	-0.215206	-1.178263	0.108671	0.329075	1.150459	-1.483883	-1.734517	0.042951	0.788676	-0.234282	0.677269	-0.461728	-0.534351	-0.868755	
0.376735	-0.479123	-0.327393	0.671916	-0.075865	0.305948	-0.010462	0.395346	0.093224	-0.189284	-0.376163	-0.491976	0.368788	0.053356	-0.389137	-0.226208	0.315229	0.060848	-0.273326	0.074462	0.698974	-0.075640	0.114186	0.008577	-0.077788	-0.002488	0.138686	-0.448413	-0.051913	-0.149678	0.639502	0.345665	-0.733719	-0.121223	-0.205188	0.151821	-0.002313	0.186703	-0.303069	-0.171208	-0.263061	-0.116630	0.084603	-0.206816	-0.193303	-0.293771	-0.624796	-0.351216	-0.261596	-0.254969	
0.332133	-0.152725	-0.050942	0.384900	-0.172215	-0.132851	-0.300401	0.009682	0.045556	-0.322276	-0.098283	0.075686	0.084059	-0.392535	0.017098	0.178227	0.210351	-0.075580	-0.164511	-0.018076	-0.003383	-0.370523	0.089197	-0.175969	-0.195643	0.130549	0.033832	-0.112936	-0.132194	0.013325	0.063321	-0.088231	-0.138478	0.146470	0.167201	0.041477	0.068469	0.259016	0.154943	-0.083489	-0.126432	0.253030	0.142520	-0.025863	-0.151032	-0.119628	-0.187939	0.063445	-0.022561	-0.230459	
0.397984	-0.010936	0.171418	0.195902	-0.244048	0.152357	-0.126214	0.117719	0.124751	-0.161168	0.039632	-0.117190	0.150520	-0.312881	0.046806	0.009271	0.006910	0.065554	-0.025652	-0.021305	0.079031	-0.339940	0.033332	-0.153864	-0.121234	0.006390	0.041154	0.159604	0.016277	0.159971	0.240699	0.060363	-0.364828	-0.332154	0.052513	0.019537	-0.021413	0.099305	-0.033032	-0.063698	-0.348859	0.179087	0.398196	0.058639	0.063633	0.004268	0.047067	0.203697	-0.129219	0.019402	
0.597154	-0.268381	0.038484	0.389538	-0.405841	-0.013663	-0.050641	-0.104558	-0.185178	-0.356501	-0.237754	-0.259780	0.086555	-0.496302	-0.203837	-0.183505	0.003358	-0.166278	-0.265270	-0.009510	0.093407	-0.340586	-0.217537	0.047495	-0.135249	-0.033136	0.177016	0.077997	0.094098	0.056364	0.186419	0.068555	-0.462216	-0.238160	-0.019246	0.092903	-0.193223	0.282409	-0.193271	0.015398	-0.376402	0.213768	0.269601	-0.084238	-0.172894	-0.104699	-0.188064	0.119273	-0.229800	0.205265	
-1.809439	1.026308	0.590750	-2.782948	0.895183	0.109958	-0.049296	-0.643100	-0.159223	1.065104	1.584011	1.941666	-1.306135	0.703466	1.352476	0.418334	-1.200931	0.485109	0.512983	-0.146988	-1.227416	0.256779	0.495699	-0.604288	0.434629	-0.054849	-0.405588	0.466807	-0.010654	1.513551	-1.072999	-0.845936	1.566983	-0.596460	-0.569087	-1.601110	-0.076940	-1.695682	0.079887	1.226951	0.131444	-0.957482	-0.034924	-0.034628	1.906552	1.111663	2.226376	0.182761	0.560418	0.596708	
0.196679	0.074731	0.089548	0.210757	-0.157918	0.010414	0.234853	0.009618	0.025794	0.035854	-0.153949	-0.212786	0.085727	0.096348	-0.052339	-0.102655	0.078810	-0.003137	0.081635	0.203594	0.001457	0.179187	-0.257732	0.238548	0.133870	-0.047330	0.006292	0.074359	0.039847	-0.329103	0.215580	0.038231	-0.315169	-0.075225	0.182411	0.205741	-0.196443	0.256810	-0.107933	-0.084467	0.114639	0.131105	0.075617	0.152209	-0.342882	0.040685	-0.164454	0.097039	-0.043735	0.090478	
0.369764	-0.186799	0.167819	0.435985	-0.223103	0.036402	-0.099845	-0.028904	0.028472	-0.355700	0.128868	0.029772	0.040164	-0.094793	-0.085101	0.020795	0.194629	-0.069616	-0.051095	0.231861	0.127008	-0.147962	-0.042459	-0.060081	-0.137170	-0.040092	0.144634	-0.079372	0.097612	-0.103808	0.065121	-0.120264	-0.171251	-0.235443	-0.075833	-0.007555	-0.002140	0.122553	-0.121944	0.069672	-0.167830	0.177970	0.103956	-0.118338	-0.126686	-0.018759	-0.084070	-0.045720	0.100999	0.105148	
-0.220123	0.303037	-0.267598	0.211181	0.173399	-0.090005	-0.063145	0.108765	0.264915	0.201436	-0.345214	0.176162	0.128904	0.062952	-0.023121	0.290099	0.386445	-0.056518	0.083767	0.163307	-0.120782	0.140576	0.120828	0.048410	0.142563	0.109520	0.116690	-0.139406	-0.387498	-0.268261	0.228270	0.001376	0.139503	0.485999	0.352392	0.344544	0.295550	0.161236	0.103260	-0.364127	0.333752	0.010279	-0.096803	0.299446	-0.297447	-0.034819	-0.205396	0.004067	0.088526	-0.336380	
0.151199	-0.163855	0.073406	-0.317278	-0.128828	0.019837	0.119538	0.016863	-0.278061	0.116225	-0.067506	-0.238770	-0.053142	-0.177720	0.056775	-0.291178	-0.434216	-0.095852	-0.219645	-0.062073	0.008527	-0.283760	0.036471	0.053854	-0.126184	0.016590	-0.263289	0.162600	0.079473	0.116237	-0.144022	0.247623	-0.255726	-0.306772	-0.174802	-0.175220	-0.310961	-0.182210	-0.117192	0.208356	-0.233577	-0.013859	0.224573	-0.082724	0.028520	0.118944	0.157380	0.106911	-0.254960	0.092531	
0.871797	-0.339867	0.156767	0.320866	-0.547335	-0.192349	0.045778	-0.239351	-0.319600	-0.588164	-0.038116	0.053147	-0.192460	-0.513315	-0.305870	-0.016063	0.090489	-0.204409	-0.305949	0.333052	0.057301	-0.429907	-0.283635	0.030997	-0.003230	0.059522	0.348847	0.115251	0.288721	-0.045644	0.052720	-0.106466	-0.476595	-0.600384	-0.026372	0.198679	-0.298838	0.507443	-0.107033	0.220942	-0.420616	0.288702	0.179355	0.033466	-0.258580	0.033776	0.027282	0.327196	-0.098222	0.380163	
0.321872	-0.232001	-0.024963	0.322302	-0.213856	-0.166795	0.081108	-0.074231	-0.077528	-0.207188	-0.002352	-0.072796	-0.143088	0.006884	-0.064815	-0.018224	-0.038997	-0.031292	-0.121628	0.122404	0.012118	0.028212	-0.266869	0.086378	-0.076516	-0.060850	0.178400	-0.007226	0.151013	-0.142710	0.141586	-0.089457	-0.189969	-0.034447	-0.032656	0.173643	-0.061602	0.270328	-0.017646	0.032110	-0.029247	0.146093	-0.051169	0.019506	-0.148797	-0.032767	-0.166782	-0.062550	0.035317	0.203496	
0.639887	-0.473316	-0.009548	0.368444	-0.424340	-0.086845	-0.124166	0.001426	-0.122767	-0.300665	-0.322831	-0.432551	0.145780	-0.486425	-0.091546	-0.298686	-0.078919	-0.184412	-0.187749	-0.226441	0.124417	-0.405840	-0.230519	0.116761	-0.320202	-0.226523	0.102170	0.060879	0.216680	0.207283	0.209642	0.093556	-0.554515	-0.007977	-0.080888	0.150553	-0.245789	0.185187	-0.164672	-0.086100	-0.323473	0.260338	0.304326	-0.068433	-0.167042	-0.157460	-0.236110	0.034703	-0.401192	0.086037	
