-0.010725	-0.013782	-0.174811	0.170798	-0.163292	0.013282	0.020447	0.002707	0.022685	-0.173477	-0.023794	-0.142833	-0.170772	0.073058	-0.006543	-0.005762	0.167822	-0.017155	-0.099079	0.171639	0.114770	0.168796	-0.149435	-0.129966	0.123908	-0.013352	0.010230	0.070218	0.013902	0.174623	-0.003088	-0.145070	0.159346	-0.092055	-0.090758	0.174628	-0.157759	0.013683	-0.063300	-0.153163	-0.147921	0.005395	-0.138799	-0.125671	-0.173353	-0.121499	-0.161299	0.132121	0.160974	-0.015302	
-0.028476	0.075621	-0.010709	-0.079834	-0.028305	-0.085635	-0.018014	0.057223	0.039797	0.097894	0.025402	0.018103	0.025467	-0.010197	-0.075010	0.000210	0.019888	0.063545	0.079998	0.058923	0.079214	0.087737	-0.061243	0.082586	-0.023146	0.010150	0.066389	-0.014207	-0.083596	0.007841	-0.021399	-0.096802	-0.081153	0.061766	-0.077533	-0.075826	-0.066118	-0.075402	-0.072095	-0.042117	0.045087	-0.058458	-0.022758	0.006432	-0.001131	0.029467	-0.007455	0.013576	0.006001	0.027217	
0.000319	-0.004121	0.002110	-0.007089	-0.002975	0.005538	-0.004989	0.003068	-0.000553	-0.006231	-0.006011	-0.002949	-0.005131	0.002157	0.000808	0.001010	0.000618	-0.003031	0.005122	0.001345	0.003105	0.005394	0.004730	0.090918	0.006750	-0.041348	0.005797	0.031860	0.022627	-0.010218	0.059183	-0.008798	-0.086911	-0.042648	0.048352	0.022176	0.095558	-0.025892	0.050581	-0.100740	-0.028562	0.027140	-0.002130	-0.555256	0.437672	-0.337263	-0.343272	0.354203	-0.279714	-0.087564	
-0.154223	-0.159819	0.130076	-0.156746	-0.091097	-0.159383	-0.069433	-0.155094	0.155055	0.153574	0.121186	-0.154261	-0.155796	-0.159621	-0.157134	-0.151559	-0.132182	-0.158430	0.156278	-0.158764	-0.114000	0.158393	-0.154428	0.126887	-0.159183	-0.158155	0.121515	-0.104681	0.005672	-0.132567	-0.157743	0.158675	-0.158878	-0.158140	-0.116051	0.157749	-0.158524	0.158877	-0.023563	0.158814	-0.156122	-0.154907	-0.159926	-0.018632	-0.097860	-0.156480	0.003134	-0.155504	0.158035	0.011963	
0.002654	0.027307	0.004272	-0.001577	0.009199	-0.002106	0.000568	0.039799	0.039513	0.001903	-0.000382	-0.004003	-0.000587	0.001247	0.002095	-0.027356	-0.002831	0.001003	0.000116	0.001007	0.026156	0.001507	-0.002988	0.001060	-0.032976	0.000426	0.002001	0.035906	0.002278	-0.004443	-0.000254	-0.000115	0.001206	-0.043340	0.040010	-0.031050	0.027108	-0.007254	-0.005895	0.041501	-0.048450	-0.054737	-0.000630	0.002828	-0.003508	0.001585	-0.001331	-0.001638	0.002992	0.041954	
0.001632	-0.017286	-0.021415	0.005381	-0.016248	0.016360	-0.020280	0.019957	-0.003267	-0.006526	0.007801	0.013154	0.024767	0.029291	0.019078	0.005455	0.041286	-0.065723	-0.015386	0.006804	0.024128	0.050554	0.054849	0.000104	-0.045355	-0.027133	-0.064961	0.065344	0.060595	0.006563	-0.065158	-0.068586	0.065168	-0.014656	0.025406	-0.041075	0.027399	0.063249	-0.065959	0.066796	0.032905	-0.021053	0.008438	0.066622	0.064489	-0.070403	-0.066233	-0.066607	0.066490	-0.031075	
-0.080644	-0.072657	-0.048865	-0.006706	-0.078195	-0.081143	0.086248	0.085356	-0.065667	-0.058661	-0.076832	0.057119	0.023051	-0.079097	0.068422	-0.026478	-0.015989	0.039723	-0.081268	-0.017970	0.080460	0.080336	0.014470	-0.007738	-0.080894	0.011171	-0.064461	0.028344	0.081084	-0.085737	0.024296	-0.003299	0.005341	-0.157281	0.040025	-0.019994	-0.017139	-0.080122	0.031811	0.034324	-0.012830	0.020493	-0.035596	0.015046	-0.020136	-0.082882	-0.029975	-0.049080	0.010245	0.088258	
0.191468	0.127508	-0.161475	0.147741	-0.106112	0.212463	-0.119436	-0.055736	0.141426	0.196973	-0.090218	-0.195305	0.198931	0.098536	-0.092956	-0.115104	-0.037506	0.060363	-0.114454	0.166486	-0.182747	0.033740	0.070315	0.152835	-0.009219	0.041618	-0.118833	0.048904	-0.187931	-0.091808	-0.076366	0.108786	0.025602	0.206852	-0.058004	0.193833	0.121023	-0.190696	-0.215471	0.210752	-0.162487	-0.063034	-0.076493	-0.039850	0.183426	0.198955	-0.181624	0.167875	-0.156233	0.156816	
-0.115175	-0.163954	0.114297	0.155934	0.056648	-0.110433	0.119284	0.128401	0.131239	0.127405	-0.110531	0.188239	0.125755	-0.182842	0.133200	0.135196	-0.153991	0.127107	0.174004	-0.136685	0.119868	-0.174697	0.126887	-0.151487	0.126272	0.050348	-0.112164	-0.164946	0.099306	-0.171588	0.155366	0.127413	-0.134942	0.121340	-0.128372	0.187760	0.186032	0.129227	-0.165054	0.157346	-0.117563	-0.149488	-0.164612	0.109890	0.125995	-0.115704	-0.171612	-0.123031	0.126703	0.190047	
-0.144125	0.003423	-0.027448	0.021343	0.016214	0.006567	-0.166110	-0.169298	-0.068766	0.168722	-0.086862	0.176969	-0.148935	0.177397	0.176824	-0.159465	-0.152369	-0.020132	-0.030357	0.003836	0.013458	0.080764	-0.091145	0.002052	-0.119357	0.145642	-0.086868	-0.151945	-0.005181	-0.000992	-0.132112	-0.012793	0.015910	-0.145139	0.005043	0.169812	-0.142538	-0.046841	-0.160513	-0.175707	0.012681	0.178841	-0.111024	-0.179137	-0.178002	0.166823	-0.013279	-0.156795	0.178188	0.144913	
0.028228	0.025943	-0.077584	0.058365	-0.053829	-0.018253	-0.023220	-0.030077	-0.029896	0.024014	0.006318	-0.005876	0.013902	0.013197	0.022504	0.015398	0.004353	0.030384	0.014268	-0.038279	0.014362	-0.044495	-0.004056	0.030727	0.034805	0.009650	0.078696	0.080332	-0.079738	-0.001597	0.007127	-0.027229	-0.078341	-0.040349	0.029376	-0.009528	-0.076503	-0.062531	-0.078194	0.078351	0.006479	-0.078039	-0.078462	0.037849	-0.078344	-0.074759	0.073287	0.271594	-0.032896	0.020834	
0.095727	-0.187245	0.192978	0.089403	-0.124288	0.061061	-0.207512	0.126393	-0.194669	-0.220002	-0.019356	-0.078854	-0.156247	-0.118037	0.206355	0.057056	-0.043118	0.156974	0.005621	0.199449	-0.202841	-0.198216	-0.177151	0.076414	-0.109877	-0.059235	-0.082774	-0.017723	-0.183331	-0.170319	0.097278	-0.057584	0.145874	0.043328	-0.099570	0.143499	-0.036648	-0.196081	-0.194938	0.151417	-0.185964	-0.132603	0.138508	0.092979	-0.181946	-0.106465	0.004930	-0.200480	-0.150442	-0.140015	
0.176448	-0.111297	-0.161759	0.109963	-0.137080	0.127443	0.123134	0.130137	0.081823	-0.139053	-0.181055	-0.124847	0.179291	-0.120912	0.127959	-0.135515	0.132832	-0.134339	0.134560	0.162727	0.133234	0.186310	0.129970	-0.115810	0.101919	0.124561	0.136898	0.174335	0.055260	0.069169	-0.129807	-0.127784	-0.125977	-0.184675	-0.162936	0.134185	-0.164960	-0.131732	0.132919	-0.132601	-0.170771	-0.120940	0.132166	-0.134634	-0.185037	-0.173331	0.128052	-0.112091	-0.169869	-0.121690	
-0.104914	-0.016830	-0.003360	0.004148	-0.002557	0.009438	0.094904	0.019796	0.082877	-0.004544	0.103360	-0.010133	-0.015669	-0.005388	-0.104827	-0.097159	0.099991	-0.009826	-0.099912	-0.005889	0.101914	-0.003929	-0.093874	0.105697	0.104214	0.098133	0.072413	0.105399	0.005316	-0.004344	0.007039	0.005236	0.000850	0.014900	-0.002941	0.083235	0.068602	0.013849	-0.106028	0.088371	-0.107169	-0.000080	0.092159	0.014421	-0.006758	0.006167	0.004513	-0.107469	-0.009500	-0.000905	
-0.005862	-0.030136	0.000868	-0.007952	0.005458	0.001132	-0.002458	-0.036701	0.003703	0.001519	-0.002071	-0.005526	-0.000178	-0.040556	0.002666	0.008465	-0.002588	-0.003044	-0.033024	0.015847	-0.006239	0.043769	-0.000224	0.001071	0.030007	-0.002342	0.001705	0.000153	-0.002812	-0.005575	-0.001780	0.001525	-0.039513	-0.003921	0.008711	0.004025	-0.004121	-0.006945	0.005251	-0.000684	0.046068	-0.008201	-0.044307	-0.001034	-0.002844	-0.006716	-0.001250	0.002964	0.004074	0.002877	
0.004346	0.000558	0.013800	0.019116	-0.001900	0.003835	-0.004043	-0.103334	0.007166	0.008194	-0.100101	0.013893	-0.001591	-0.105422	-0.005919	-0.005464	-0.007951	0.011364	-0.106398	0.004885	0.101754	0.015128	0.093752	0.002983	-0.002843	-0.006574	0.027999	-0.071728	0.006287	0.104032	0.077567	0.105078	-0.086571	-0.009303	-0.104440	-0.028910	-0.103889	0.046523	0.099065	-0.105245	0.012759	0.100053	-0.072068	0.007948	-0.004406	-0.003098	0.091958	0.107151	0.000222	-0.101470	
0.088206	0.156931	0.153964	-0.155426	0.136658	-0.052434	-0.158754	0.142147	-0.157134	0.154951	-0.157598	-0.157718	-0.161772	-0.105992	-0.009214	0.157318	0.156371	-0.157222	0.160583	-0.161810	0.093935	-0.153769	-0.160601	-0.162645	0.138179	0.153868	0.098865	0.002736	-0.162237	-0.028460	0.156236	-0.136415	0.160313	-0.132571	0.159780	-0.158655	0.156575	-0.071315	-0.156661	0.138977	-0.014057	-0.158643	-0.160144	0.154481	-0.116952	-0.130820	0.162078	-0.116688	-0.154299	-0.160726	
0.080849	-0.062499	-0.008581	-0.083558	-0.081951	0.000802	-0.080332	-0.079748	0.086994	0.078337	0.093971	-0.104317	0.072686	0.082791	-0.080295	0.089749	0.084820	0.103967	-0.065356	-0.079853	0.071271	-0.070144	0.078624	0.077149	0.071671	-0.000140	0.090259	0.064387	0.067929	0.066297	0.091952	0.000051	0.079175	-0.076094	-0.069719	-0.068199	-0.069775	-0.083923	-0.092233	0.079919	-0.087738	0.083733	0.061497	-0.085551	-0.071062	0.077793	0.075727	0.000428	-0.075919	-0.083858	
